%YAML:1.0
---
cameraMatrix1: !!opencv-matrix
   rows: 3
   cols: 3
   dt: d
   data: [ 4.1563562471306500e+02, 0., 3.3822372852998870e+02, 0.,
       4.1611470674286375e+02, 2.4021861429846035e+02, 0., 0., 1. ]
distCoeffs1: !!opencv-matrix
   rows: 1
   cols: 5
   dt: d
   data: [ -3.8309435523541747e-02, 1.1634916493283931e-01,
       -7.2897356014661914e-04, -2.7445928982936046e-03,
       -9.7962651005938775e-02 ]
cameraMatrix2: !!opencv-matrix
   rows: 3
   cols: 3
   dt: d
   data: [ 4.1645011512572472e+02, 0., 3.3647239089553909e+02, 0.,
       4.1743152520931210e+02, 2.4589534218344261e+02, 0., 0., 1. ]
distCoeffs2: !!opencv-matrix
   rows: 1
   cols: 5
   dt: d
   data: [ -3.3390014973429860e-02, 1.0977430211641218e-01,
       1.9891406918963583e-03, -6.9889236526642497e-04,
       -9.3115758194788706e-02 ]
R: !!opencv-matrix
   rows: 3
   cols: 3
   dt: d
   data: [ 9.9999933786039530e-01, 2.2216671013035061e-04,
       -1.1291238744305513e-03, -2.2756951740022721e-04,
       9.9998851596569793e-01, -4.7870814528004945e-03,
       1.1280473773957504e-03, 4.7873352372594631e-03,
       9.9998790439206831e-01 ]
T: !!opencv-matrix
   rows: 3
   cols: 1
   dt: d
   data: [ -1.2044684227763970e-01, 7.6387111037830812e-05,
       3.8101129375412430e-03 ]
