%YAML:1.0
---
cameraMatrix1: !!opencv-matrix
   rows: 3
   cols: 3
   dt: d
   data: [ 4.1625715565692951e+02, 0., 3.3775304934995069e+02, 0.,
       4.1972376836867784e+02, 2.4443853420786309e+02, 0., 0., 1. ]
distCoeffs1: !!opencv-matrix
   rows: 1
   cols: 5
   dt: d
   data: [ -3.2409671719459694e-02, 1.2957545778619228e-01,
       1.3386462256754755e-03, -1.7696410900930708e-03,
       -1.1977874884166383e-01 ]
cameraMatrix2: !!opencv-matrix
   rows: 3
   cols: 3
   dt: d
   data: [ 4.1720219267183444e+02, 0., 3.3452031475860690e+02, 0.,
       4.2067753763277119e+02, 2.4549607234893881e+02, 0., 0., 1. ]
distCoeffs2: !!opencv-matrix
   rows: 1
   cols: 5
   dt: d
   data: [ -2.9978079555863131e-02, 1.1352623801843972e-01,
       9.7813628818927030e-04, -1.2310449559066199e-03,
       -9.6636933257678567e-02 ]
R: !!opencv-matrix
   rows: 3
   cols: 3
   dt: d
   data: [ 9.9999471891523528e-01, 6.5624237574666113e-04,
       -3.1829997775595126e-03, -6.1589055167498598e-04,
       9.9991964716147264e-01, 1.2661749456709269e-02,
       3.1910531910369360e-03, -1.2659722209448136e-02,
       9.9991477067453682e-01 ]
T: !!opencv-matrix
   rows: 3
   cols: 1
   dt: d
   data: [ -1.2047274180965133e-01, 5.3382724829186727e-04,
       7.1316267923333815e-03 ]
