%YAML:1.0
---
cameraMatrix1: !!opencv-matrix
   rows: 3
   cols: 3
   dt: d
   data: [ 4.1234600121438757e+02, 0., 3.4051794064569236e+02, 0.,
       4.1239689510457765e+02, 2.5868203951115566e+02, 0., 0., 1. ]
distCoeffs1: !!opencv-matrix
   rows: 1
   cols: 5
   dt: d
   data: [ -2.2198435251954359e-02, 8.3061472932335678e-02,
       1.2364588954298936e-03, 1.0726151218371936e-04,
       -6.7860773957330242e-02 ]
cameraMatrix2: !!opencv-matrix
   rows: 3
   cols: 3
   dt: d
   data: [ 4.1624934562229055e+02, 0., 3.3316354565271661e+02, 0.,
       4.1669732501735206e+02, 2.5457052818990587e+02, 0., 0., 1. ]
distCoeffs2: !!opencv-matrix
   rows: 1
   cols: 5
   dt: d
   data: [ -2.5956574587681070e-02, 9.3792581719597687e-02,
       1.3756110652923600e-03, -1.2106319986624358e-04,
       -7.7021306538068809e-02 ]
R: !!opencv-matrix
   rows: 3
   cols: 3
   dt: d
   data: [ 9.9997921716049987e-01, 1.9928157540920152e-03,
       -6.1313891121005624e-03, -2.0233692952142854e-03,
       9.9998554783249927e-01, -4.9809740846095216e-03,
       6.1213743366115674e-03, 4.9932766302910048e-03,
       9.9996879749556411e-01 ]
T: !!opencv-matrix
   rows: 3
   cols: 1
   dt: d
   data: [ -1.2124795032856897e-01, -2.0366680512576629e-04,
       3.4832256617128169e-03 ]
