%YAML:1.0
---
cameraMatrix1: !!opencv-matrix
   rows: 3
   cols: 3
   dt: d
   data: [ 4.1348723071968504e+02, 0., 3.3950390394685923e+02, 0.,
       4.1638056687434056e+02, 2.6130584748467618e+02, 0., 0., 1. ]
distCoeffs1: !!opencv-matrix
   rows: 1
   cols: 5
   dt: d
   data: [ -2.1173288897761697e-02, 8.8462777590220948e-02,
       2.1464269165016470e-03, 5.4909026169907627e-04,
       -7.6465174434549213e-02 ]
cameraMatrix2: !!opencv-matrix
   rows: 3
   cols: 3
   dt: d
   data: [ 4.1680854425875077e+02, 0., 3.3138069230799090e+02, 0.,
       4.1976023566133989e+02, 2.5246906199483379e+02, 0., 0., 1. ]
distCoeffs2: !!opencv-matrix
   rows: 1
   cols: 5
   dt: d
   data: [ -3.2669733911468726e-02, 1.3094412247792730e-01,
       6.1656400162435321e-04, -5.3866252192740426e-04,
       -1.1794462915303369e-01 ]
R: !!opencv-matrix
   rows: 3
   cols: 3
   dt: d
   data: [ 9.9999545560676184e-01, 2.7812356221353848e-03,
       -1.1633977131639036e-03, -2.7748444668700750e-03,
       9.9998124669445621e-01, 5.4595327259699287e-03,
       1.1785601425087857e-03, -5.4562796679991860e-03,
       9.9998441988271747e-01 ]
T: !!opencv-matrix
   rows: 3
   cols: 1
   dt: d
   data: [ -1.2087896018299120e-01, -6.2960613635199450e-05,
       1.0670716286831179e-02 ]
